128
128
00000000000000000000000000000000000000000000000000000000000000000000000000000000000000000000000000000000000000000000000000000000
00000000000000000000000000000000000000000000000000000000000000000000000000000000000000000000011111110000000000000000000000000000
00000000000000000000000000000000000000000000000000000000000000000000000000000000000000000000111111111000000000000000000000000000
00000000000000000000000000000000000000000000000000000000000000000000001111111000000000000011111111111100000000000000000000000000
00000000000000000000000000000000000000000000000000000000000000000000011111111111000000000111111111111211000000000000000000000000
00000000000000000000000000000000000000000000000000000000000000000011111111111111000000001111111111111111000000000000000000000000
00000000000000000000000000000000000000000000000000000000000000000011111111111111100000001111111111111100000000000000000000000000
00000000000000000000000000000000000000000000000000000000000000001111111111111111001110111111111110000000000000000000000000000000
00000000000000000000000000000000000000000000000000000000000000011111111111111111111111111111111111111100010000000000000000000000
00000000000000000000000000000000000000000000000000000000000000011111111111111101111111111111111111111111111000000000000000000000
00000000000000000000000000000000000000000000000000000000000000001111111111111101111111111111111111111111111100000000000000000000
00000000000000000000000000000000000000000000000000000000000000111111111111111101111111111111111111111111111100000000000000000000
00000000000000000000000000000000000000000000000000000000000000111111111111111111111111111111111111111111111000000000000000000000
00000000000000000000000000000000000000000000000000000000000001111111111111111111111111111111111111111111110000000000000000000000
00000000000000000000000000000000000000000000000000000000000011111100111111111111111111111111111111111111100000000000000000000000
00000000000000000000000000000000000000000000000000000000000011111111111111110011111111111111111111111111100000000000000000000000
00000000000000000000000000000000000000000000000000000000000001111111111111100011111111111111111111111111100000000000000000000000
00000000000000000000000000000000000000000000000000000000010000111111111111000111111111111111111111111111100000000000000000000000
00000000000000000000000000000000000000000000000000000000110000111101111110001111111111111111111111111111000000000000000000000000
00000000000000000000000000000000000000000000000000001100111111011111111110111111111111111111111111111111000000000000000000000000
00000000000000000000000000000000000000000000000000001100011111011111111110111111111111111111111111111111000000000000000000000000
00000000000000000000000000000000000000000000000000001100001111000011111100111111111111111111111111111111000000000000000000000000
00000000000000000000000000000000000000000000000000000000000011000011111100011111111111111111111111111111000000000000000000000000
00000000000000000000000000000000000000000000000111000000000011001111111100011111111111111111111111111111100000000000000000000000
00000000000000000000000000000000000000000000000111110100001111111111111000011111111111111111111111111111100000000000000000000000
00000000000000000000000000000000000000000000000110111110001111111111110000011111111111111111111111111111000000000000000000000000
00000000000000000000000000000000000000000000000000111011001110011000000000000000111111111111111111111111000000000000000000000000
00000000000000000000000000000000000000000000000011111111001111011111110000000000001111111111111111111111000000000000000000000000
00000000000000000000000000000000000000000000000001111110001111011111110000000000001111111111111111111111000000000000000000000000
00000000000000000000000000000000000000000000001111011000000000111111110000000000001111111111111111111111000000000000000000000000
00000000000000000000000000000000000000000000001111000000000000110000000000000000000111111111111111111111000000000000000000000000
00000000000000000000000000000000000000000000001111110001101111111111111100000000000111111111111111111100000000000000000000000000
00000000000000000000000000000000000000000000011111111111101111111111111000000000000111111111111111111100000000000000000000000000
00000000000000000000000000000000000000000000111111111111101110111111111100000000000011111111111111111100000000000000000000000000
00000000000000000000000000000000000000000000111111111101100110001111111110000000000111111111111111111100000000000000000000000000
00000000000000000000000000011000000000000000001100111111100011111111111111110000000011111111111111111100000000000000000000000000
00000000000000000000000001111111100000000001101000111111110011110111111111111000000011111111111111111100000000000000000000000000
00000000000000000000000011111111111111001111111110111111110011111011111111111000000011111111111111111000000000000000000000000000
00000000000000000000000011111111111111011111111110111111110110111001100111111000000011111111111111111000000000000000000000000000
00000000000000000000001111111111111111111111111111111011100000111101110011111000000000111111111111110000000000000000000000000000
00000000000000000000001111111111111111111111111111111111111110111111110111111111000001111111111111100000000000000000000000000000
00000000000000000000000111111111111111111111111111111111111111111111110110111111100011111111111110000000000000000000000000000000
00000000000000000000000011111111111111111111111111111111111111111111100000111111100011111111111100000000000000000000000000000000
00000000000000000000001111111111111111111111111111111111111111111111100111111110000001111111110000001111110000000000000000000000
00000000000000000000001111111111111111111111111111111111111111111111110111111100000000111111000000000111110000000000000000000000
00000000000000000000000000111111111111111111111121111111111111111011110000111100000000111111000000000011100000000000000000000000
00000000000000000000000111111111111111111111111111111111111111110000000000011100000000111111000000000000000000000000000000000000
00000000000000000000001111111111111111111111111111111111111111110000000111111100000000111111000000000000000000000000000000000000
00000000000000000000001111111111111111111111111111111111111111110000000111110010000000011111000000000000000000000000000000000000
00000000000000000000001111111111101111111111111111111111111111000000000111110011000000001100000000000000000000000000000000000000
00000000000000000000000011111111000000111111111111111111111111000000000111111011000000000000000000000000000000000000000000000000
00000000000000000000000001111110000000111111111111111111111111110000000111111111100000000000000000000000000000000000000000000000
00000000000000000000000000111000000000001111111111111111111111111100000111111111100000000000000000000000000000000000000000000000
00000000000000000000000000110000000000001111111111111111111111111100000011111111100000000000000000000000000000000000000000000000
00000000000000000000000000000000000000000011111111111111111111111111100111111111110000000000000000000000000000000000000000000000
00000000000000000000000000000000000000000111111111111111111111111111101111111111111100000000000000000000000000000000000000000000
00000000000000000000000000000000000000000111111111111111111111111111111111111111111100000000000000000000000000000000000000000000
00000000000000000000000000000000000000000001111111111111111111111111111111111111111100000000000000000000000000000000000000000000
00000000000000000000000000000000000000000001111111111111111111111111111111111111111100000000000000000000000000000000000000000000
00000000000000000000000000000000000000000001111111111111111111111111111111111111111110000000000000000000000000000000000000000000
00000000000000000000000000000000000000000000011111111111111111111111111111111101101110000000000000000000000000000000000000000000
00000000000000000000000000000000000000000000000111111111111111111111111111111100001110000000000000000000000000000000000000000000
00000000000000000000000000000000000000000000001111111111111111111111111111111111000000000000000000000000000000000000000000000000
00000000000000000000000000000000000000000000001111111111111111111111111111111111000000000000000000000000000000000000000000000000
00000000000000000000000000000000000000000000001111111111111111111111111111111011000000000000000000000000000000000000000000000000
00000000000000000000000000000000000000000000001111111111111111111111111111110000000000000000000000000000000000000000000000000000
00000000000000000000000000000000000000000000001111111111111111111111111111000000000000000000000000000000000000000000000000000000
00000000000000000000000000000000000000000000001111111111111111111111111111000000000000000000000000000000000000000000000000000000
00000000000000000000000000000000000000000000001111111111111111111111111110000000000000000000000000000000000000000000000000000000
00000000000000000000000000000000000000000000000111111111111111111111111110000000000000000000000000000000000000000000000000000000
00000000000000000000000000000000000000000000000111111111111111111111111110000000000000000000000000000000000000000000000000000000
00000000000000000000000000000000000000000000000111111111111111111111111110000000000000000000000000000000000000000000000000000000
00000000000000000000000000000000000000000000000000111111111111111111110000000000000000000000000000000000000000000000000000000000
00000000000000000000000000000000000000000000000000111111111111111111110000000000000000000000000000000000000000000000000000000000
00000000000000000000000000000000000000000000000000001111111111000000110000000000000000000000000000000000000000000000000000000000
00000000000000000000000000000000000000000000000000011111111111000000110000000000000000000000000000000000000000000000000000000000
00000000000000000000000000000000000000000000000000011011111110000000010000000000000000000000000000000000000000000000000000000000
00000000000000000000000000000000000000000000000000000001111110000000000000000000000000000000000000000000000000000000000000000000
00000000000000000000000000000000000000000000000000000001111110000001111100000000000000000000000000000000000000000000000000000000
00000000000000000000000000000000000000000000000000000001111110000101111111000000000000000000000000000000000000000000000000000000
00000000000000000000000000000000000000000000000000000000011111111100000111000000000000000000000000000000000000000000000000000000
00000000000000000000000000000000000000000000000000000000001111111100000000000000000000000000000000000000000000000000000000000000
00000000000000000000000000000000000000000000000000000000000000011111100000000000000000000000000000000000000000000000000000000000
00000000000000000000000000000000000000000000000000000000000000011111100000000000000000000000000000000000000000000000000000000000
00000000000000000000000000000000000000000000000000000000000000000012100001111100100000000000000000000000000000000000000000000000
00000000000000000000000000000000000000000000000000000000000000000001100011111101100000000000000000000000000000000000000000000000
00000000000000000000000000000000000000000000000000000000000000000000111111111111110000000000000000000000000000000000000000000000
00000000000000000000000000000000000000000000000000000000000000000000011111111111111110000000000000000000000000000000000000000000
00000000000000000000000000000000000000000000000000000000000000000000000111111111111111000000000000000000000000000000000000000000
00000000000000000000000000000000000000000000000000000000000000000000000111111111111111000000000000000000000000000000000000000000
00000000000000000000000000000000000000000000000000000000000000000000001111111111111111110000000000000000000000000000000000000000
00000000000000000000000000000000000000000000000000000000000000000000001111111111111111111100000000000000000000000000000000000000
00000000000000000000000000000000000000000000000000000000000000000000001111111111111111111111100000000000000000000000000000000000
00000000000000000000000000000000000000000000000000000000000000000000001111111111111111111111100000000000000000000000000000000000
00000000000000000000000000000000000000000000000000000000000000000000001111111111111111111111111100000000000000000000000000000000
00000000000000000000000000000000000000000000000000000000000000000000001111111111111111111111111100000000000000000000000000000000
00000000000000000000000000000000000000000000000000000000000000000000000111111111111111111111111100000000000000000000000000000000
00000000000000000000000000000000000000000000000000000000000000000000000111111111111111111111110000000000000000000000000000000000
00000000000000000000000000000000000000000000000000000000000000000000000011111111111111111111100000000000000000000000000000000000
00000000000000000000000000000000000000000000000000000000000000000000000011111111111111111111100000000000000000000000000000000000
00000000000000000000000000000000000000000000000000000000000000000000000001111111111111111111100000000000000000000000000000000000
00000000000000000000000000000000000000000000000000000000000000000000000000011111111111111111100000000000000000000000000000000000
00000000000000000000000000000000000000000000000000000000000000000000000000011111111111111111100000000000000000000000000000000000
00000000000000000000000000000000000000000000000000000000000000000000000000011111111111111211100000000000000000000000000000000000
00000000000000000000000000000000000000000000000000000000000000000000000000011111111111111111000000000000000000000000000000000000
00000000000000000000000000000000000000000000000000000000000000000000000000011111111111111000000000000000000000000000000000000000
00000000000000000000000000000000000000000000000000000000000000000000000000011111111111110000000000000000000000000000000000000000
00000000000000000000000000000000000000000000000000000000000000000000000000011111111111110000000000000000000000000000000000000000
00000000000000000000000000000000000000000000000000000000000000000000000000011111111111110000000000000000000000000000000000000000
00000000000000000000000000000000000000000000000000000000000000000000000000011111111111000000000000000000000000000000000000000000
00000000000000000000000000000000000000000000000000000000000000000000000000111111111110000000000000000000000000000000000000000000
00000000000000000000000000000000000000000000000000000000000000000000000000111111111110000000000000000000000000000000000000000000
00000000000000000000000000000000000000000000000000000000000000000000000000111111111100000000000000000000000000000000000000000000
00000000000000000000000000000000000000000000000000000000000000000000000000111121111100000000000000000000000000000000000000000000
00000000000000000000000000000000000000000000000000000000000000000000000000111111100000000000000000000000000000000000000000000000
00000000000000000000000000000000000000000000000000000000000000000000000000111111100000000000000000000000000000000000000000000000
00000000000000000000000000000000000000000000000000000000000000000000000001111110000000000000000000000000000000000000000000000000
00000000000000000000000000000000000000000000000000000000000000000000000011111111000000000000000000000000000000000000000000000000
00000000000000000000000000000000000000000000000000000000000000000000000011111100000000000000000000000000000000000000000000000000
00000000000000000000000000000000000000000000000000000000000000000000000011111100000000000000000000000000000000000000000000000000
00000000000000000000000000000000000000000000000000000000000000000000000011111100000000000000000000000000000000000000000000000000
00000000000000000000000000000000000000000000000000000000000000000000000011111100000000000000000000000000000000000000000000000000
00000000000000000000000000000000000000000000000000000000000000000000000011111000000000000000000000000000000000000000000000000000
00000000000000000000000000000000000000000000000000000000000000000000000011111000000000000000000000000000000000000000000000000000
00000000000000000000000000000000000000000000000000000000000000000000000011111000000000000000000000000000000000000000000000000000
00000000000000000000000000000000000000000000000000000000000000000000000011111000000000000000000000000000000000000000000000000000
00000000000000000000000000000000000000000000000000000000000000000000000000111100000000000000000000000000000000000000000000000000
00000000000000000000000000000000000000000000000000000000000000000000000000111100000000000000000000000000000000000000000000000000
